33,274,740,573,177
32,829
73,682
939,460
935,151,780,605,110,351
217,6
658,765
931,884,541,45
32,947,285
193,2,241,33
88,603,381
608,790,966,438,139,540,526
581,614
684,541
798,39
72,177
692,598
129,738
239,510,183
368,834
964,54,71
883,684
477,829
229,871
832,258,804,983,140,270
883,598
160,430
8,692
829,6
276,829
33,127,661,846,57
145,674,196
956,766,279
658,782
276,766
809,175
177,285
784,722
8,871
890,58,651,332,421
760,401,923,12
829,151
8,413
722,175
145,797
778,362
579,829
886,151
914,71
606,494,678,975
722,335
145,509
280,481,226,722,809
217,684
296,937
620,758
145,883
720,788
274,21
281,690,125,70,494
795,789
933,279
460,829
529,631
177,548
844,693
529,862
196,893
104,210
883,853,198,505,429,910
682,362
112,568,162,805,798
548,205
280,354
581,494
692,6
419,21
827,275,403
368,897
829,350
125,343
805,70
507,998
354,460
32,471
855,39
125,701,623
801,405
368,975
561,214
883,581
362,419,212,694,919
712,883
909,862
145,183
914,628
163,132,310
196,967
177,682
368,605
177,606
844,85,606,567
789,598
217,175
362,692
362,844
569,895
354,795
675,692
829,998
460,692
33,2,933,241
956,919
494,438
266,988,151
450,620
362,541
48,788,405,694,376,614
8,72
673,618,563
450,507,6
682,126
32,825
345,316,580,357,919
536,914,476
449,788,110
897,93
538,738,147,634,78
704,529
362,494
328,4,895
489,829
937,346
844,509
684,998
419,388
722,75
168,682
529,658
792,961,210,203,58
529,674,953
217,470
28,510
368,177
32,883
480,809
285,487
674,722
478,279,853,766,71
561,826
684,918
760,228,511
722,775
949,509
937,45,931,453,541
844,398
283,438
945,460
368,854
800,405,871
390,183
947,39
448,240,834,328,538,274
752,829
129,644,94,198,922,78,926
544,283,949
634,381
713,759,574,177
944,8
641,913
368,242
722,548
720,470
368,477
368,970
279,85,143
862,438
368,21
96,145,3,214,695,419,510
296,760,21
145,525
8,390
193,998
692,758
682,956
694,55
956,470
143,844,606,567
720,279
800,561,411,829
944,350
561,419
721,595,548,885,31
684,494
803,830,346,940,435,142,527
829,775
362,43,933
509,766
73,526
865,778
217,538
217,571
346,829
354,75
883,460
736,368,692,325,622
145,923
673,116,534,378,45,989
785,682
419,775
140,789
470,735
470,486
264,572,766,55
489,98
12,966
115,205
529,674,405
692,919
577,2,812,57
319,499,765,126,639
512,354
641,895
308,580
298,279
826,829
368,593
130,820,274
722,788
883,676
618,3,507
529,509
12,285
798,862
883,871
120,841,746,766
706,919
928,598
784,620
984,275
937,829
362,966
188,381
682,183
351,183
210,205
73,474,334,989,638
696,210,789,829
538,283
145,674,475,649,489,283,39
401,578
368,716
956,746,788
517,647,494,883,982,440,27,893
862,151
858,525,925
914,510
722,283
460,438
368,765
170,39
937,183
722,692
692,205
528,897
489,419
921,541
217,546,947,923,661
970,956
692,494
168,826
874,829
964,766
397,862,885
581,766
122,35,718,723
217,891,180,205
825,914,276,90,191
427,829
145,75
632,553,663
316,775
419,279
368,417,692,860,329
809,183
921,37,605
578,651
217,788
185,487
760,12,597
804,706,188,716
937,884,45,541
736,778,972
205,85
937,283
75,692
249,658
265,470
460,151
392,829
8,274,36,981,424,925
283,541
72,234
992,177,797
28,606
617,766
368,120
722,227,12,390
354,52
314,526
538,509
561,438
941,183
947,766
706,22,616,505,540,319
897,21
510,175
296,712,355,829
899,205
8,140
8,177
443,349,541
304,843,387,798,31
722,419,701
844,829
275,4
944,177
778,859
862,183
771,494
32,188,598,590
192,720,722,798,520
354,247
684,558
738,70
789,854
385,210
354,631
296,738
120,346
722,471
296,205
201,450
368,218,795,510,918
672,935
100,661
867,710,763
548,487,775,308,314,75,718
120,162
561,126
217,895
449,422,895
883,638
529,350
362,829
285,918
692,21
104,332,598,614,381
960,888
883,710
115,947
682,460
529,242
140,854
32,538
825,69
406,438
634,438
538,919
914,692
97,937
489,494
960,354
722,350
684,334
569,381
8,867,829
419,766
332,684,548
298,414,366,183
336,346,567,606,143
295,829,758,391
744,591
403,695
652,55
529,617
674,12,686,918
308,885
489,682,540,141
395,854,390
888,775
112,450
401,914
803,732
419,285
567,844,279
177,617
937,954,964,857
571,795,853,623
419,509
616,681,362,100,838
672,417,354,666,918
224,829
39,71
883,471
684,871
529,795
218,540
720,520,722,948,798
692,39
145,902
684,350
762,859,85,54
529,438,953
332,829
217,75
419,229
129,763
944,684
833,561
140,447
177,93
424,12
368,522,692,742,591
429,854
829,631
755,710
720,883
115,837,31,843,798,789
536,476,319
538,639,805,701
332,407
196,895
275,467
914,39
648,177,579,934,745
883,606,630,774
541,766
529,132
571,684
705,819
357,829
368,674
789,205
494,871
161,290,611,436,686
888,39
860,239
52,598
368,351
403,452,5,886,708,653,357
8,283
145,21
529,183
57,805
368,919
401,829
992,919
529,788
110,678
283,381
296,766
738,39
336,346,567,844,143
368,631
522,588,38,319
608,992
937,598
168,349
568,785,140,966
460,871
417,276,229,182,529,650
408,642,509
224,844,85,567
522,75
203,173
706,663,775
193,645
529,782,598
888,529
682,966
177,886
449,682,110
298,766
161,858,525
218,701
368,581
401,283
217,93
354,867
419,789
529,405,953
944,722
720,692
832,988,39,580,871
829,526
361,722
338,735
449,948,470,7
381,294
80,477
377,554,44,663
944,694
897,665
769,45,999
784,766
104,649,628
692,510
937,75
793,31
354,526
597,782
217,620
120,283
354,419
354,116,517,154,722,95
937,884,509,335
280,684
442,300
771,205
145,529
956,966
224,336,346,606,143
217,937
692,381
803,830,682,346,435,142,527
401,766
766,966
780,526
304,115,387,789,31
722,70
661,829
401,419,460,381,777
832,278,775,520,970,239,72,822
368,893
275,583
651,140,766
529,283
283,252,526,38,71
684,54
268,55
145,706
129,140,766
368,390
145,782
504,239
37,919
906,789,862
825,460
316,831
145,844
12,470
663,171,775
682,684
217,795
919,477,207
653,829
577,722,347,804,402
72,413
538,438
992,706
684,349
665,883
368,795,218,51,510
12,982
914,614
494,758
682,6
522,381,460,597,93
35,829
41,526
75,494
722,844
487,631
571,381
104,120
722,675
368,614
760,597,663
560,217
120,628
294,623
320,921,173
354,12
161,675,390,343,122,535
283,988,663
778,893
524,922,364,573
529,220
177,854
401,177
888,490,843,348,735
529,373
541,39
548,477,334
332,158
145,956
97,831,895
496,177,626
817,68,117
642,258
460,471
354,895
922,196
236,381
769,738,500,276,157,590
377,788
373,477
956,829
280,874,390,966
682,114,368,658,308,309,665,661
132,981
937,780
888,561,346,217
510,919
460,789
385,375,885,790,721,283,731
217,766
529,910
368,914
562,132,181,39,633,906,12
538,766
132,789
82,228
224,71,175,45,910,239
217,196
769,893
766,663
384,597
401,12,597
48,387
354,766
361,381,57
304,837,798,789
984,952,175,55
354,782
705,627,28,521,239
5,205
529,93
224,368
346,844,85,567
722,620
354,484,711,168,39,722,918,154
538,871
480,745,782,743
368,824
82,982
597,494
843,883
829,71
514,676
512,529,653
8,690,684,911
161,31,125,5,805
676,854
378,3,766,895
229,111
984,982
32,39
648,460
746,883
766,598
529,516
385,338
920,541,453,45
937,895
600,177,970,709,310
224,346,606,567
368,54
494,183
579,550,632,12,795,460,15
217,390
80,354
58,140
766,614
795,227,132
956,39
177,350
529,567
661,593,52,469,774,653,918
168,548,477
336,78
529,798
597,789
883,390
480,368
193,241,933,33
704,722
923,183
684,782
946,687
722,21
460,941
684,598
641,529
722,694
512,120
692,885
722,871
72,529,427,7
722,854
800,703
883,279
829,886
225,139,213,782,494
947,470
177,438
952,529
941,390
720,888
752,684
658,126,207
25,524,231
825,914,276,426,191
145,763
766,694
795,846
368,634
401,597,663
450,766
896,769,45
927
722,967
145,266
413,494
682,523
460,966
192,720,722,918,520
692,548
596,789,630,649,809,919,173
242,554,501
73,692
93,694
766,871
684,373
554,943
408,634
883,614
32,614
827,222
368,38
304,387,837,789
346,541
368,825
795,812,229,311
362,956
940,829,758
844,684
332,126
810,618
32,541
529,614
937,581
460,39
513,203,196
411,220,126
205,919
192,529
945,982
480,829,758
883,692
937,882,259,956
217,25
145,793
440,362
122,381
538,12
720,778
914,618,55
789,775
763,268
970,829
32,660
354,571
368,279
785,594
392,438
952,354
32,854
295,72,585,270,529,947,937,541
62
960,185,678,471
354,874
722,510
692,71
368,72
208,116,590,41,541,606
720,116,201,333,846,653
8,722
120,460
914,982
826,37
32,348
450,980,69
401,484,630,888,682,413
140,205
217,606
829,663
368,419
140,663
594,100
480,72
792,52,676
914,183
112,381
809,895
145,461
544,354,966,470
844,154,812,381
185,75,486
883,71
630,71
368,778
720,529,405
411,477
682,788,110
78,279
529,390
177,692,309,614,55,45
112,713,538,819
177,571
752,722
51,614
766,471
145,460
72,883
937,722
73,948
793,956
354,390
368,140
722,31
937,236
645,775
844,6
682,603,350
41,541,793
978,183
913,829
88,682,603
280,947
914,956
304,115,843,789,798
736,579,972
296,712,234,829,649
57,722
914,275
368,579
35,405
73,940
825,494
350,487
795,438
32,888
461,447
883,548
193,948,136,585,843,925
825,947
401,793
826,197
541,694
795,692
529,558
617,900,236,814,829
763,38
427,886
432,504,890,830,151
510,766
833,4,70,895
896,45,999
682,885
368,381,829
684,69
217,798
793,354
145,829
529,470
354,758
315,829
354,804
285,494
205,798
368,58
57,883
294,279
217,844
72,766
536,145,319
419,276
798,494
129,145
706,629,775
145,722
914,966
956,183
258,775
720,829
177,419
354,606
177,27,597,879
801,953
663,151
48,361,126,878
510,886
489,914
217,638
569,419,844
75,964
956,494
641,614,921
401,722
128,529
722,853
964,982,54
676,591
354,494
937,884,453,45
295,829,534,391
778,579
529,55
548,477,766
537,82
160,48,963,580,145,795
682,998
720,805,926
368,175
970,766
766,758
8,746,963,69
883,905,355,249
395,854,895
632,629,663
48,510
716,4,373
799,918,775
738,381
304,115,843,387,31
354,183
766,918
809,811,548,829,573
896,769,999
38,614
419,12
878,766
494,775
529,682
809,715
283,460
897,381
673,467
177,798
720,39
937,675
81,554,659,797,718
32,274
294,207
507,964,533,789
800,217
336,85,279
797,494
204,797,183
640,675
210,381
373,350
843,158
541,349,487
128,310
378,541
217,854
577,37
961,936,73,603,684,510
744,833,489
368,910
883,541
832,440,766
682,214
432,208,8,73
998,943
477,126,207
529,895
177,155
788,766
224,336,844,606,143
57,658,814,614
857,226,614
923,597,663
675,419
480,829,534
480,919
480,289,851,206,591
937,884,453,541
362,789
438,775
854,871
937,354
525,541
937,450,57
419,140
883,789
354,919
449,795
129,477,487
792,901,735
825,883
304,115,843,798,31
224,346,85,567
938,766
778,172,966
793,766
484,862
684,413
368,541
424,354
161,388,774,17,346,558
458,789
824,684
177,490,981
48,217
354,21
265,283
782,687
265,234
32,205
913,450,692,277,825,632,468
48,531,563,504,332,687
229,966
722,571
450,606
304,387,789,798,31
778,947
798,766
793,12
888,419
752,455
684,239
205,966
470,550
722,782
682,468
752,12
682,470
354,789
820,982
449,378,692,68,839
597,39
283,789
354,413
722,963
705,470
274,487
201,490,274,631
956,911
690,419,838,682,797,622,95
720,628
39,775
236,684
536,145,914
120,844
888,684
885,494
736,738,799,638,583
419,782
682,710
692,183
120,692
12,151
826,661
280,766
684,39
720,140
210,789,406,829
368,641
684,487
803,830,682,940,346,142,527
354,614
224,85,606,567
561,197
146
168,477,766
145,470
722,862
37,847
68,117,45
688,10,203,366
217,71
744,354
985
217,676
401,229,758,631,509,581
241,354,567,120,893,350
937,285
529,716
789,183
923,12,663
362,111
129,322,140
913,895
682,900,110
168,548,334
217,236
296,183
368,145,658,57,937,682,494
256,120,412,740,829
690,419,838,280,682,622,95
529,878
489,354
32,720,631,920,780,735
489,276
766,886
217,598
32,818,6,966,472,31
569,829
795,39
952,93
408,937,642
966,183
73,591
354,597
494,39
138,307,486
177,675
888,722
888,378
130,829
640,701
336,234,18,242
8,354
32,470,276,325,526
984,73,115,166
304,115,843,837,789
689,515
196,975,820,823
496,897,626
54,55
368,684,829
722,895
193,561
914,548
368,774
510,494
883,75
722,522
477,695
760,82
522,682
419,614
120,401
632,663,775
349,766
722,183
900,183
51,93
354,675
332,145,159,633,217
657,982
789,614
176,113
112,429,94
829,54
283,279
538,598
472,829
429,782
912,923,12
937,931,884,45
368,472
883,45,999
419,692
80,883
953,638,438,279
362,470
937,614
684,279
704,829
628,766
581,829
234,947
147,580,973,871
682,846
720,780,661
57,93
937,883
490,37
538,682
419,829
937,381
377,956
401,438
12,789
912,923,663
773
362,854
825,997,845
819,470
83,675,167,427,766,949
789,871
145,52
419,71
39,487
93,638
720,187,69
354,132
752,39
684,55
241,692,950,174,766
763,183
392,181,807
91,142
640,218
937,470
537,35
843,126
280,140
54,918
145,914,476,319
387,829
217,494
766,54
192,274,350,759
17,829
224,336,85,606
944,956
379,862
48,623
93,766
145,438
346,39
912,760,597
684,775
100,349,487
825,354
276,837,634,299,413,942,783
368,949
744,600
43,259,933
8,419
553,706,775
577,919
798,438
486,71,8,108,75,684,242,958,438,766
177,283
888,283
177,71
916,525
368,93
419,597
69,766
413,829
419,838,280,682,797,622,95
775,71
217,956
913,946
867,239
464,634,349,351
177,891,180,205
361,242,212,558,775
529,812
112,682
208,674,573
115,919
296,283
177,676
177,373
597,829
198,183
826,798,110,207
72,348
193,682
392,801,461,862,569
368,489
224,346,606,279
120,12,132,885,638
673,530,198
829,606
602,778
798,895
920,937,884,45
8,843,663,919
906,212
460,862
205,438
682,789
145,277
789,39
100,142
844,541
448,32,674,887,540,914,239
368,114,795,218,510
419,183
992,600,541,54,633
346,766
144,66,523,900,439
80,132
265,268
692,526
162,746
937,538,707,526,639
17,580,742,839
684,308
577,684
283,597
937,362
829,175
279,919
177,956
368,694
692,862
544,914,740
744,145
411,239
403,684,686
829,534,758,295
548,766,334
401,470
752,914
960,175,597,766,910
984,605
597,982
347,829
440,809
888,820,54
472,581
778,923
886,39
204,173
784,428,684,94,401
529,919
684,205
932,239
145,871
419,350
793,692
368,71
722,239
346,143,85,606,567
224,336,346,85
766,583
914,558,38
480,946
523,883
529,85,859,460,797,78,447
33,883,740,573,177
464,538,172
368,571
720,919
883,862
914,782
31,343
173,829
357,749
85,687
256,180
937,35
738,966
658,477,207
32,438
419,541
387,485,998,692,789,216,409,798
632,523
274,494
8,835
944,17,162,711,217,381
529,966
368,803
158,998
32,283
120,183
8,362
780,895
614,438,93
368,793
692,69
242,829
521,423,749,823
246
692,470
529,918
558,774,670
120,181
8,422,918,823
825,438
766,38
177,69
722,574
346,803,682,940,435,142,527
443,100,541
792,961,58,203,183
598,966
129,322,766
204,205
419,661
168,332,766
283,614
634,188
368,449
73,829,758
554,131,242
227,789
354,774
368,620
692,349
513,58
168,332,548
239,804,919
529,522
832,529
529,73
8,467,684,911
438,919
32,775
820,477,766,351
605,982
688,132
217,825
810,19,885
472,489
354,829
541,438
120,919
825,914,339,426,191
675,844
913,809
928,114,844,230,39
944,825
177,581
132,766
419,494
120,294
801,438
177,447
883,438
354,746
489,862
914,350
947,684
682,614
947,276
314,676
914,694
690,419,838,280,797,622,95
354,522
435,830,682,940,346,142,527
368,35,766,350
509,541
39,183
1,194,442
937,766
829,214
346,803,682,940,435,830,527
217,460
952,782
632,116
48,745,419,707,171
72,885
177,354
794,701,623
945,388,500
793,39
914,722
825,684
496,897,177
336,844,606,567
477,862
401,362
145,738
304,31,115,837,789
460,885
632,438
32,275,605,710
526,735
541,831
581,39
32,71
115,387,837,31,798,789
140,239
913,766
800,1,514,529,112,304
51,723,663,998,631
192,281
792,39
746,390
201,147,540,509
632,553,775
181,758
569,541
956,895
328,4,70
354,844
296,510
712,346
793,789
898,163,581,25,890,782,190
205,494
258,75
522,775
937,390
945,12
32,744,516
900,921,938,27,845,733
792,419
797,829
120,712
419,885
218,675
573,867,494,110,707
354,346
472,354,59,31
899,789,862
825,164,630
144,265,691,805,280
419,205
859,830
354,653
684,574
940,391
480,424,419
912,760,12
825,914,339,276,426
120,217
682,39
362,661
571,494
130,71
120,494
132,795,580
12,766
529,844
73,548
49
177,795
75,355,684,438
722,956
392,489,242,764,279
120,8
736,844,37,814
368,921
362,350
145,538
217,692
419,684
579,803,842,411,572,350
25,38
362,583
113,788
833,682
904,234,419,797
208,969,290,458,888
4,430
32,593,676,694,145
403,591
51,387,494
569,39
600,577
888,766
809,694
682,675
684,93
368,239
937,489
720,682
690,794,701
956,789
120,140
657,236
472,419
529,638
548,183
120,362
161,529
346,844,606,279
883,948
443,100,487
766,639
460,357
132,829
409,140,438
115,387,789,843,798,31
177,829
578,775
413,631
368,12
419,895
236,982
52,538,612,941,510
931,884,453
120,775
450,829
155,413
32,206
720,489
888,438
529,494
914,494
140,494
722,205
57,684
789,438
192,520,722,948,798
859,88,890,571,956,702,255
419,487
614,71
480,684
722,236
17,763,956
569,100,526
449,900,110
789,895
829,862
541,895
914,895
177,895
937,115
529,6
720,593,949,32,893,494,623
177,862
27,115,605
661,766
722,279
12,735
952,569,35,526
561,684
944,129
346,684
8,155
722,140
368,440
385,923,684,460
215,693,687
266,797
362,387,709,574
795,829
192,720,722,948,520
944,914
217,682
912,760,663
914,438
606,862
378,507,766
995,763
690,794,125
937,487
349,510
769,411
105,918
529,57
368,763
8,229
396,988,548,438,470
673,967
368,116
112,684
168,810
177,217,785
392,362,460,658
795,883
192,944,54,998,447
825,914,90,426,191
569,692
368,597
910,775
145,205
947,494
368,346
944,70
362,883
400,419,793,984,665,28
809,239
722,523
460,510
795,94
57,652
280,825
450,171
937,210,885,71,617,522
352,939
368,775
841,187,629,326,71
657,147,101,903,778,229
809,510
912,401,923
529,687
661,919
529,569
738,379,438
937,855
844,967
883,631
401,937
722,614
120,680,828,655
489,541
947,886
888,883
706,782
937,795
145,4
419,653
529,899
692,631
377,918
144,474,403
197,975
594,142
17,966
401,388,789,742,758
690,419,280,682,797,622,95
448,641,557
606,510
210,54,966,854
793,829
684,661
217,69
766,70
332,998
937,438
658,477,126
354,471
720,694
217,509
663,862,694,775
419,918
933,766
368,523
510,895
120,947
844,789
175,239,183
224,674,196,814,966
706,902
920,937,453,45
832,857,414,350,511
956,460
841,829
249,85,111
52,829
304,115,843,387,798
78,510
913,676,6,415
494,886
89,932,518,198
618,279
792,841,989,550
368,129
494,895
682,332
256,912,978,487,378,510
217,438
674,71
177,541
568,953,398
706,766
921,675,701,459
192,888,487,638,935
694,407
682,843
112,368
992,419
937,509,569
346,692
944,32
684,687
576,427,461,78
419,334
131,93
177,279
872
977,370,947,932,923,797
769,883,45
854,438
645,694,538,763,941,334
214,71
738,494
883,919
168,477,334
93,805,38,829
722,676
529,203,732,949
914,460
368,70
354,581
275,661
529,70
368,617
538,911
162,183
800,749
947,789
932,733,342
161,69
45,829
792,961,210,58,183
199
217,541
224,336,567,844,143
736,720
722,583
279,844,606,143
368,25
529,335
704,825,39
225,164,213,782,494
720,862
401,162,460,170
48,377,554
17,541,377
41,682
32,193,197,401,577,989
937,854
769,883,999
722,438
115,387,837,843,798,31
538,947
617,623
120,470
947,775
529,489
48,12,597,381
466,26,326,486
883,276
236,789
348,413
893,477
494,279
960,529
332,548,477
309,120,793,90,620,510
736,529,35
318,775
597,687
529,914
897,829
401,571,345
766,775
682,541
998,775
217,387
585,428,509,94
112,280
120,522
937,205
129,322,651
684,758
354,692
145,132
738,829
21,239
120,598
96,258,943
130,10
722,95,517,966,159
280,618,932,597
140,684
145,354,885,422,487,600
809,766
684,798
684,490,788,538,814
775,55
888,561,346,477,605
362,183
432,208,346,73
672,280,571,518
529,571
56,775,663
576,290,684,991
409,663
921,947
163,854
120,854
224,279,606,143
914,676,789
766,678
980,676,909,78,183
648,885
362,27
541,829
460,671
712,674,854,759
214,998
385,766
883,110
956,918
571,54
362,39
829,78
145,467
132,310,775
561,862
641,697
285,766
8,758
38,583
368,569
354,279
346,279,844,143
885,438
937,413
944,888
33,274,883,740,573
129,651,766
144,815,66,523,439
722,373
217,653
632,553,706
827,686
561,332
177,259,781,78,775
722,538
788,895
684,676
905,523,998
618,3,766,895
736,71
328,154
592
937,692
392,766
276,286
970,350,39
368,100,438,966,746,735
8,217
579,571,155,419
914,339,90,191
661,285
275,982
32,362
883,895
21,54
692,871
193,483
722,623
115,766
653,343
684,173
368,114,510,918
443,100,349
956,684
684,470
296,239
368,132
227,548
331,308
145,38
242,758,471
529,766
145,308
131,638
914,572,486,718,407
354,54
368,984
569,642,509
600,919
392,294
682,526
349,71
937,597
112,766
782,766
706,116,523,492,893,381
443,349,487
763,837
8,885
548,71
831,766,183
177,487
829,534,758,391
561,651
368,450
90,940,941,198
32,529
947,438
354,283
706,171,775
54,68,37,758
883,343
198,239
217,663
738,766
168,332,477
11,793,995,534,470
263,597,663
603,381,350
561,354
401,39
100,829
240,598,982,171,671,991
526,631
265,186,895
529,825
937,642,509
102
456,769,550,886,263
304,115,387,837,31
145,339
720,529,674
516,766
690,838,280,682,797,622,95
947,419
914,538
161,259,299,561
793,682
8,348
763,614
120,207
692,438
824,775
460,749
279,143,606,567
177,891,205,785
720,145
789,966
720,484
289,674,227,964,171,462,946,541
57,210
460,614
477,126,919
883,956
275,684,686
224,346,844,606,143
620,335
368,229
177,470
979
795,684
392,906,684,846,527,407,283,778,862
829,614
832,593,579,812
897,322,694
960,368
368,538,460,205
72,946
450,494
789,71
217,354
72,69
368,798
844,548,694
912,401,760
920,937,453,541
766,470
332,548,766
722,413
145,541,295
694,871
48,554,44
597,406
526,766
947,71
100,349,541
354,358
354,780
489,477
368,276
699,327
544,432
156,108,294,55
177,946
937,239
684,653
809,38
403,222
706,684
684,885
960,883
529,530,675,855
706,722
641,450,419,956,797
923,438
793,460
249,653,111
177,825
362,285
440,568,398
829,798
197,878
682,205
505,682,467,36
785,35,93,151
897,626,177
97,541
529,921
401,775
829,583
332,214
32,782
217,674
883,966
964,494
687,279
632,778
897,529
720,217
914,354
682,236
862,919
193,438
90,766
960,913
529,334
154,956
145,775
224,336,606,279
914,883
529,487
205,111
720,185,901,486,239
581,239
529,780
675,684
93,55
653,125
960,809
362,766
73,829,534
368,899
843,998
120,998
640,720,658,947
752,692,964
529,140
778,780,438
368,598
792,145
477,510
920,937,884,541
918,815
632,171,775
48,489
829,895
401,923,663
569,521
474,970,261
956,692
276,494
145,862
120,529
800,368
41,893,862
634,684
35,956
440,43,39
673,196
529,634
789,494
8,883
578,766
829,470
334,183
792,210,203,58,183
145,675
494,598
385,693,583,378,155,108,45
27,438
538,21
692,315,484,997,825
825,682,605
652,268
827,275,684
692,854
844,85,279
800,610
177,885
849,298,132,318
658,653
177,789
193,318
844,676
937,775
832,834,975,175
529,486
368,706
411,893
296,609
684,132
789,887
217,966
981,438
296,712,355,649
943,686,326,766,343
722,93
161,145
354,682
54,982,71
43,829
744,868,677
332,548,334
217,614
185,675,461,829
947,183
279,85,567
88,603,294
782,854
829,982
541,919
538,789
1,66,874,523,980,470,823,884,314
937,899
744,115,844,517,845
545,72,841,268,749,606,351
216,73,738
368,51,510,918
752,217
144,66,523,900,815
73,758,295
529,90
192,829
161,427,494,334,470,151,569,127
377,285
684,854
766,151
640,944,190
394,362
203,93
304,115,387,789,798
947,140
225,139,164,494,782
140,871
746,829
829,782
690,419,838,280,682,797,95
947,829
32,682
992,888
274,829
336,593,354,71,921,509,989
538,829
722,758
928,129,477
832,5,511,283,28,143
722,885
489,789
51,140
529,778
937,419
766,687
722,789
676,766
234,268
225,139,164,213,494
280,529,758,663
336,346,844,606,143
883,775
362,775
598,470
336,567,844,85,143
112,893
628,789
984,348
675,540
883,419
593,722
896,769,883
618,378,766,895
120,266,214
749,692,893,991
0,368,53
513,860,518,919
766,39
368,521
72,581
112,387,614,720,594,499,285,511
684,285
480,38
947,919
44,910,798,687
692,918
947,956
120,966
509,919
401,494
561,529
104,694
217,998
181,798
878,390
346,567,606,279
651,964,581,966,631
362,31
611,835,53,651,829,373
952,793
937,39
458,531
387,766
657,829
460,775
704,368
720,205
368,470,39
937,966
48,554,663
304,843,789,798,31
682,948
411,21
684,548,766
571,766
192,520,722,798,918
321,114,387,196,691
177,937
611,204
32,789
205,71
120,722
640,722,259,806,38,886,890
529,38
368,548
937,571
163,132,775
328,862
735,780,766,631
937,196
789,477
795,381
692,315,484,845
368,349
529,349
720,362
598,438
285,470
896,883,45
608,897,676,32,298,460
561,682
224,346,844,85,143
914,798
522,538
529,215
205,39
467,583
120,210
824,956
472,692
529,692
883,782
132,895
480,752,354,357,58,27
692,541
304,843,115,837,31
504,932
392,529
841,948,469,326,885
789,470
178,347,534
120,676
401,964
401,145
755,430
354,510,456,140,110,111
944,368
673,471
814,438
265,612,350
682,598
354,236
538,692
309,829
826,967
752,970
919,71
43,362,259
208,8,346,73
424,377,346,373,494
843,332
825,522
676,526
529,874
937,460
673,583
684,895
632,553,171
120,795
538,39
145,95
653,494
578,598,774,167,280,905
120,682
384,166,663
722,687
93,494
963,335
834,307,789,975
912,760,923
387,900,110
684,919
690,467,684
720,419
217,829
145,362
720,938
752,529,165,71,857,922,175
32,742
460,239
120,75
336,844,85,606
529,606
939,597
480,766
536,914,319
120,964
385,967
825,419
210,766
265,205
177,460
368,27
290,684,141,477
826,428,279
795,775
346,883
805,598
720,177
120,57
168,874,427,484
161,177
923,38
354,862
8,937
120,631
120,938
912,401,12
760,886
91,100
722,423
408,569,642
368,259
795,766
624,617,798,966
856,490,906
489,460
120,834,124,581,205
32,419
522,39
528,432,130,274,967
825,722
177,274,883,573
217,914
354,362
414,390
349,606
470,775
956,788,413,318
883,526
346,844,85,606
115,438
145,594
561,820,177
120,883
771,31
782,139,164,213,494
829,487
354,541
90,919
832,487
205,471
32,1
483,276
460,390
765,687
722,294
177,180,205,217
177,346
883,39
529,793
48,44,663
829,918
120,887
120,789
752,766
368,744
32,722
785,6
947,460
115,387,837,843,798,789
120,177
956,438
509,295
638,55
145,71
674,895
944,789
354,285
72,210,888,778,111,354,349
529,130
128,176,116,280,692,763
368,509
234,631
964,982,71
782,214
849,75
265,763
722,6
480,940
145,614
163,419
368,998
368,574
788,829
489,722
529,52
510,623
888,874,500,871
368,236
867,12
217,394,510,487
90,684
921,829
48,377,663
112,722
368,874
640,865,317,143
618,507,895
354,598
177,90,828,613
224,336,346,844,143
368,780
529,100
285,550
843,214
888,494
229,766
489,181
778,494
641,798
460,71
938,899,147,151
120,571
742,809,145,274,346,28,157,735
75,595,325,775
205,183
112,883
368,168
140,460
682,919
867,685
594,91
722,346
296,175
960,684
883,694
145,563
0,731,173,710
682,55,722,103
261,318
722,54
960,659,470,810,157,719
275,222
793,722
217,54
336,279,606,143
368,274
529,21
368,682,829
145,919
676,829
480,694
826,132
236,477
940,829,534
921,803,860,69
632,553,629
481,919,460,143
944,385,883,561,396,894
224,85,606,143
618,918
684,398
368,789
298,956
8,494
320,620,798
222,686
529,310
705,43,620,51
201,701
675,487
963,541,494,631
992,427
817,68,45
722,151
140,829,414,935
663,629,775
732,93
536,460,414,183
820,814
115,516
966,919
682,387,788
336,346,567,85,143
538,489,242,634,661
617,354,885,158,583
529,851
177,722
920,937,931,884
8,460
368,675
692,676
112,362,563,69
275,966
722,766
888,692
413,895
529,684
658,349
177,782
354,947
168,684,766
52,766
579,581,966
617,722
42
259,70
722,780
529,938
530,28
368,932
722,606
368,947,981,967,712,220
674,829
96,100
561,158
72,460
438,110
354,788
529,883,601,809,841,443
112,521,914
937,746
304,115,789,798,31
956,509
368,606
57,766
561,914,758,919
966,895
8,858
112,795
217,290,419
368,956
758,871
692,93
888,829
720,598
354,69
944,280
336,844,279
722,949
833,214
722,663
204,93
684,581
793,684
888,744,602,349
829,966
413,793,21,857
57,268
460,766
8,529
888,177
956,285
824,687
411,484
470,919
780,829
120,782
690,125,623
168,874,885,766
120,449
354,854
280,918
494,471
883,93
944,140
368,6
692,279
841,946
160,722,995,653,887
368,862
912,348
392,779
825,829
47,322,27,156,775
578,438
257
546,136,878,568,981,120,665,538
937,242
649,310
883,70
336,567,606,279
368,844
496,145,626,290
937,782
529,203,204,949
413,766
354,663
992,82,38,598,922
523,788
720,283
760,12,663
105,618
960,129
394,132
529,722
529,909
844,692
569,694
744,635,115,517
885,390
914,471
553,706,663
283,956
73,676
161,706,692,487,745,746,572
937,403
112,75,275
192,720,722,948,918,798
617,522,859,565,43
544,480,803
276,782
120,70,623
722,932
919,126,207
171,629,775
769,140,605,319
368,809
112,354
494,966
785,891,217
825,766
307,966,991
529,236
168,272,154,436,628
400,866,758,895
419,478
145,175,572,177
883,140
829,871
800,140
328,899
387,788,110
912,12,663
328,789
712,229
354,332,694
368,653
632,171,663
624,354,548,214,423,187
75,789
368,411
684,606
472,529
163,751,21,78,205
369,398,561
914,964
368,935
923,614
561,722
408,546,970,918
368,797
793,494
722,460
112,4
978,548
295,534,758,391
597,54
829,638
494,919
112,196
373,71
41,686
177,914
706,846,71
480,829,391
883,405,630,477
529,477
349,623
105,362,332,469,991
12,692
368,217
48,377,44
32,177
217,782
120,349
130,362,69,914,279
450,883
432,949
381,494
946,699,364
480,732
48,606
810,349
132,919
68,37,265,113,179,377,411,415
120,825
368,173
888,956
658,829
468,71
40,862
634,614
201,859,989
401,966
662
177,275
529,789
115,387,837,31,843,789
362,563,438,567
368,214
274,354
477,591
140,692
225,139,164,213,782
914,571
794,125,701
785,236
322,803,151,275,343,620
315,692,997,845
304,115,387,798,31
722,998
937,825
438,39
346,419
766,844,205,374,21
610,722
368,871
129,692,689
825,140
722,381
692,581
794,125,623
744,829
68,373
460,509
638,205,614,629
923,12,597
914,829
682,438
608,859
32,217
722,285
529,694
722,68,343,713,217,334
937,175
82,511
489,234
960,895
193,276
460,598
653,766
489,684
862,766
825,315,692,845
368,663
937,642,569
489,692
217,183
73,774
529,405,438
883,350
177,529
472,311
600,899,855
368,678
480,471
32,54
217,885
385,21,735
944,266,523,766
763,39
368,78
362,93
608,304,579,792,511,175
529,998
419,886
676,509
538,883
760,982,511
722,581
720,937
864,64,384
217,919
352,736,5
963,620
480,73
722,487
354,438
682,766
859,140
912,923,597
778,381
914,682
635,115,844,517,845
795,227,580
538,277
217,597
888,792
684,789
48,1,660
168,332,334
32,956
419,548
362,259,933
12,829
778,116
168,692
720,411
834,494
956,214,279
217,132
401,18,371,918,886,554
722,477
522,69
449,381
778,606,614
888,937
120,145
368,210
947,68
120,229
201,675
170,438
489,766
778,763
336,567,85,606,143
690,419,838,280,682,797,622
992,720,639,331,509,335
296,809
296,419
914,938
12,438
800,859
177,874
883,175
513,483,438,97,840,120,509
192,520,722,948,918
744,766
104,529,5,591
69,829
766,494
785,180,205
177,12
181,998
368,795,51,918
419,798
145,618
96,624,390,145,696,762,279
906,899,862
788,900,110
763,886
419,710
752,682
966,775
684,597
752,419,581
158,214
450,581
368,157
864,947,774
217,569
970,978,757
35,812,215
368,982
690,794,623
684,477,766
944,105,862,494,815
368,185
825,914,339,276,90
658,477,919
224,844,606,279
368,52
48,692
17,275,571
120,684
145,973,686
529,579
283,285
843,205
529,620
766,982
684,509
529,151
692,775
12,919
494,31
32,140
354,538
795,183
217,140
744,529
419,862
438,871
217,285
349,829
687,775
597,526
392,120
984,492,548,550
354,205
283,966
234,763
920,931,453,541
192,720,948,918,520,798
210,735
706,85,111
684,175
829,55
844,295
538,687
120,593,862,895
120,956
480,289,162,851,591
392,207
553,171,663
785,205,217
561,205
688,522,215,838,487
561,937
368,75
682,158
944,201
789,886
720,914,766
354,871
793,883
722,598
427,381
593,217
888,885
401,529
529,813
368,354
921,874,932,538,93
682,692
354,798
368,682,413,278
722,883
193,2,933,241
561,843
290,766
684,46
504,354,956,214
720,674,438
529,39
368,55
577,826,860,487
722,707,362,867,684,943
362,205
914,339,90,426
72,829
163,310,775
684,692
529,379
692,895
368,913
224,336,346,567,143
944,937
120,541
803,766
826,682
296,883
354,883
593,829
792,961,210,203,183
75,460
432,208,346,8
763,829
852,150,204,906,236,826
32,489
304,115,843,387,837
283,470
634,229,687
424,574
937,12
332,738,835,548,151
641,723,494,614,175
120,617
561,998
217,886
676,334
368,526
145,895
883,947
66,675,85,886,967
8,73,346,432
618,3,378,895
381,470
368,885
803,296,329,267,209,722,440,411
513,419
945,151
571,829
354,638
170,675,90,886
276,687
760,923,663
346,362
638,766
720,953
160,593,162,571,43,878
8,789
529,738,594,217
177,766
217,883
205,31
752,362,762,838,631
720,561
682,387,110
217,27,892
720,964
789,766
789,350
937,931,884,541
8,690,467
815,66,523,900,439
38,183
906,899,154
648,571,732,405,798
96,642,533,183,72,594,541
440,568,953
352,48,676,527,720,529,595,368,319
862,175
368,487
554,131,501
944,829
722,100
460,21
224,346,844,567
177,538
529,274
561,204
914,684
984,829
368,638
883,798
720,460
401,12,663
217,871
510,966
224,381
368,114,51,510
937,862
789,541
814,982
145,769,419,39
176,788
658,919,207
529,68,54,593,655,142,815
984,793,347,419,665
766,477,334
217,395
690,467,911
947,692
225,722,948
460,494
608,800
769,758
706,885
883,829
529,526
722,797
937,758
32,21
720,526
722,132
217,675
354,970
72,390
766,390
480,289,162,206,591
147,975
529,661
217,471
480,362
720,789
401,354
224,844,606,567
32,606,72,937,93,350
684,967
569,354
722,494
449,274,310,118,73
198,175
354,684
720,120
54,775
606,623
812,93
888,789
775,919
368,362
32,795
585,261
712,649,234,355
883,413
888,914
354,196
280,395,23
829,854
472,722
914,236
217,39
956,862
424,308,205
692,509
956,775
795,678
33,274,883,740,177
826,919
120,914,766
217,55
593,956
56,862,694,775
896,75,461,207,529,205,403,285,950,829
529,581
640,540
73,883
928,477,487
12,775
914,470
833,843
368,878
32,12
738,54
24,387,915,38
471,663,871
480,841,874,708
96,623
217,413
413,151
744,635,844,517
96,722
801,242,35,4,392,468,862
32,919
492,526,118
274,766
553,171,775
641,684
224,336,844,85
675,494
217,775
224,85,279
841,12,350,782
895,919
482,740,151,440,210,477
538,419
829,438
682,387,900
793,283
500,39
328,906
722,276
738,283
888,145,794,349
116,829
523,778,259
744,635,517,845
296,675,460
88,603,350
32,183
899,39
368,826
217,489
597,438
843,885,981,510,829
746,67,692,797,966
401,217
217,631
825,12
145,471
217,862
952,329,419,403,765
906,154,862
73,295,829,391
283,229
805,694
826,797
960,494
57,55
266,890
419,484
673,275
112,561
368,8
844,525
529,534
947,509
177,598
177,39
529,362
746,639
682,315
528,427
494,390
145,886
239,871
522,419
684,548,477
145,692
144,66,815,900,439
229,829
937,798
864,68
883,653
692,70
720,792,589
354,676
844,494
684,693
569,919
899,421,750
336,346,85,606
217,793
684,886
819,684,765,70
120,707
784,529
809,362
112,217
313,692,829,390
32,569
368,285
632,706,775
937,914
529,639
130,125,698,839
984,793,914,347,665
720,674,366,183
403,477
171,629,663
897,145
720,354
860,932
682,580
368,883
155,348
801,674
419,966
682,883,774
541,862
96,258,554,998,303
883,597,846,29
129,895
720,801
826,523
895,548,390,231
600,39
896,883,999
419,871
883,183
449,12
576,117,569,315,204,509
944,1,54,998,183,283
130,676,634,326
120,419
529,69
132,196
177,569
489,775
529,172
145,789
577,174,46
778,183
674,494
914,862
706,653,111
744,722
201,218
789,574
296,649,234,355,829
921,766
684,966
529,523
744,635,115,844,845
477,71
829,183
766,239
145,825
825,966
75,140,829
628,964
676,614
120,897
984,793,914,419,665
956,885
706,778
309,494
217,581
800,740,645,998,126,334
401,692
115,782
888,362
825,914,90,276,426
72,897
368,234,682,494
529,413
883,510
368,280
283,829
472,276
236,766
40,895
522,614
684,222
336,346,844,85
362,283
529,279
72,115,541
328,833,70,895
419,470
368,183
28,623
449,387,110
453,526
111,653,85
684,887
674,956
129,651,140
722,69
722,631
177,694
766,487
676,118
97,689
97,789,93
283,692
368,841
529,203,204,732
800,937
368,758
304,115,843,837,798
69,775
475,676,6
598,39
3,766,507
217,878
722,403,326,774,950,526
183,919
937,471
275,684,403
522,12
336,346,279,143
296,354
690,125,701
354,6
947,782
401,797
784,177,947,604
192,620
529,886
825,44,879
827,403,684
569,789
585,318
171,39
368,204
529,354
825,775
58,460
217,694
385,844
480,529
21,829
732,203,204,949
937,846
69,39
682,294
984,665,914,419,347
920,937,931,453
120,798
752,470
346,279,143,567
304,115,837,798,31
224,336,567,85,143
960,217
368,196
73,173
450,758
129,809
354,239
115,797
561,899
632,629,775
523,789,406,941
93,598
766,854
160,653,14,887
283,12
48,829
196,829
789,349
204,766
992,394,981
706,171,663
825,789
368,738
961,210,203,58,183
401,919
368,334
712,234,355,829
947,381
914,598
401,78
682,12
17,956,837
168,362
73,162
553,629,663
144,815,523,900,439
620,38
899,854
624,472,354,116,775
593,306,205
883,229
606,766
833,998
41,538
529,538
470,895
258,115
368,151
401,883,12,205,489
346,803,830,682,940,435,142
115,775
68,774
684,471
32,862
283,710
577,706
178,268,919
914,687
32,354
529,911
368,805
177,413
600,937
480,162,851,206,591
321,209,563,839
100,69,54,617,362,910
304,115,843,789,31
529,450
939,205
944,16,450,358
8,914
810,903
280,177
693,967
354,151
368,377
940,295
729
8,90,70,239
460,918
714,692,229,422
12,597,663
569,766
522,829
561,5
795,419
283,419
274,239
448,538,780,878,887
829,39
332,871
490,487
217,634
401,266
712,649,355,829
381,966
32,487
529,775
32,766
269
32,368
217,279
738,277
392,489,632
960,276,468
489,71
523,70
120,937
923,78
440,953,398
177,183
956,766,214
651,614
217,789
472,494
419,413
862,470
368,995,734,983,795,110
368,888
368,305,275,471
304,387,837,798
38,758
392,368
897,427
736,477
338,210
665,419,740,45,565
645,318
362,735
560,387
192,368
778,989
597,205
817,45,117
12,69
132,494
538,614
778,829
538,494
387,837,31,843,798,789
368,895
145,381
217,366
120,381
914,175
154,789
553,629,775
283,766
690,701,623
132,227,580
581,157
419,606,854,975,7
529,885
48,1,578,881,8,349
695,591
889
789,782
145,766
145,966
332,692
392,354
352,978,883,708,262,294,853
10,493
236,820
778,71
949,574
177,891,205,217
177,494
577,2,851,57
674,766
529,732,204,949
177,966
82,629
368,561,687
28,132,661,349
368,283
674,132
249,706,111
522,676
930,118,489,522,362,301,622
765,693,215
145,947
217,276
944,314
703,204,334,895
296,712,234,355
236,6
766,919
914,597
517,829
684,21
460,413
914,346
97,147,183
40,593
648,72
224,527
472,339
912,597,663
795,494
177,114
32,684
883,335,15,494,487
367
720,663
368,496
4,661
224,346,279,143
538,362
100,294
692,694
54,239
381,766
569,194,574
205,239
274,411
858,460,383
489,438
419,438
413,886
368,296,829
521,274,639,855
72,157
398,967
419,598
192,120
368,69
145,334
472,947
933,214
561,766
40,120
57,829
338,21
217,746
529,970
529,239
322,140,766
539,140
722,470
707,631
283,469,919
800,346,427,789
682,950
224,844,85,606
480,117,911
829,494
812,100
283,33,346,515,217
802,372,922,844,682,510
72,155
419,676
75,419
38,694
642,75
368,155
897,895
801,529
440,472,43
520,722,948,798,918
120,835
204,319
634,51,204,829
633,116
170,548,926,814
401,183
438,663
205,470
561,967
614,183
569,732,718
937,789
86
706,629,663
722,947
675,205
825,914,339,276,191
368,401
722,597
336,385,738,422,897,685,606
217,362
322,651,140
145,778
752,956
368,722
684,276
673,427
800,239
829,279
480,295
878,639
419,758
368,161,580,573
706,653,85
862,39
956,933
26,755
888,163
529,419
960,753,661,821
509,829
368,373
674,205
834,6,630,175
226,467,766,826,883,2,846
120,888
684,631
440,617,690,335,687
52,334
539,812,829
571,597
738,597
538,956
56,862,663
529,597
581,279
914,283
722,661
529,510
883,470
460,895
224,336,567,606,143
653,31
888,966
760,228,982
32,411
217,797
778,70
795,790
120,561
426,276,90,191
529,12
368,513
684,614
177,140
296,825,362,598
538,966
522,766
912,913,252
760,401,663
206,742
283,494
529,871
154,899,862
611,21,38,57,362,918
825,614
912,12,597
220,995,516,653
489,947
25,730,52
829,70
217,918
368,332
529,548
177,314
513,914,795,414
914,775
494,998
177,362
526,591
632,381
937,279
192,10,711
684,694
575
177,684
920,937,931,541,45
766,998
553,775,663
682,381
704,884
810,692
510,198
217,758
720,674,405
177,919
350,294
561,147
526,494
168,548,766
529,381
982,151
888,470
752,368
285,69,871
862,598
944,529,285,205
58,115
120,39
460,470
736,489,236
617,510
145,684
39,919
984,793,914,419,347
825,876,879
890,437,509
523,516,733,998
914,75
692,151
568,57,444,694,598
937,684
330
70,947,139,790,310
368,130
788,660,373,886
229,381
40,361,500,477
949,93
480,583
48,52,469
48,120
419,517
844,85,606,143
684,381
368,427
913,419,421,181
12,684
161,858,925
346,85,606,279
32,120
368,227
722,541
460,798
656,140
538,183
720,684
682,283
529,346
197,967
722,919
41,474
129,70
947,214
684,174
960,449,829,110,471
275,403,686
540,701
692,471
368,788
368,623
346,279,606,143
100,541,487
489,10
112,829
73,766
913,401
72,419
778,38
411,631,329,618,395,874
443,541,487
782,175
720,520,722,948,918
368,290
744,236,516,423
944,947
177,489
80,577,716,860,649
72,161
242,131,501
966,39
722,829
953,674,638,405,438
289,162,851,206,591
368,886
193,775
944,460,477,903
947,638
394,895
104,354
849,594,447,809,529
78,766
521,844,46
829,766
750,346,324,170,214
117,887
140,788
328,833,4
283,883
171,606
829,694
507,766,895
883,854
460,982
472,73,844,805
634,510
738,571
789,509
129,620,125,518,308
649,529
224,567,279
937,548
352,460
48,766
500,438
577,2,851,812
240,17,956,236,541
489,183
571,236
210,21
496,529,854
760,401,923,597
240,470,75,597,262
354,859
722,196
529,956
48,28
569,611,509
411,862
489,634,548,279
280,54
8,671
368,673
354,93
368,73,98,387,530
37,797
368,115
829,239
937,694
217,12
120,597
217,639
112,661
296,70
140,461
419,236
722,71
829,598
682,676
100,623
795,810,469,722,327
956,526
792,489
32,692
553,597
12,494
684,183
350,494
984,793,914,277
304,115,843,387,789
417,143,934,31,125,381,895
800,914
224,346,85,606
401,679,571,897
201,487
132,471
368,361
937,450,919
538,775
569,722
561,789
339,311
560,177,653,894,911
438,183
820,829
593,766
120,71
368,884
800,753,75,212
795,995,534,470
114,692
494,71
529,471
956,21
78,438
368,782
577,522,805,217
640,201
556,43,196,350,815
432,283
494,854
56,694,663
640,494
128,32
438,895
769,477
895,39
682,509
162,883
824,913,567,423
100,919
763,830
829,919
895,378,3,507
236,71
354,797
201,778
529,498,196,198,913,252
336,346,606,279
